#    s        x        y     Ue/Vinf    Dstar     Theta      Cf
   0.00000  1.00000  0.00000  0.86691  0.009224  0.004590  0.000518
   0.00486  0.99524  0.00099  0.87475  0.008644  0.004427  0.000589
   0.01282  0.98754  0.00298  0.89211  0.007559  0.004097  0.000754
   0.02169  0.97897  0.00528  0.91363  0.006520  0.003738  0.000963
   0.03136  0.96960  0.00767  0.93559  0.005698  0.003417  0.001177
   0.04184  0.95939  0.01003  0.95298  0.005173  0.003188  0.001338
   0.05326  0.94822  0.01243  0.96620  0.004834  0.003025  0.001450
   0.06556  0.93618  0.01494  0.97817  0.004560  0.002885  0.001545
   0.07853  0.92348  0.01757  0.98937  0.004327  0.002759  0.001629
   0.09196  0.91033  0.02029  1.00013  0.004121  0.002644  0.001706
   0.10564  0.89693  0.02306  1.01075  0.003930  0.002535  0.001782
   0.11945  0.88341  0.02587  1.02120  0.003754  0.002432  0.001854
   0.13334  0.86981  0.02871  1.03179  0.003586  0.002333  0.001929
   0.14728  0.85617  0.03158  1.04242  0.003427  0.002237  0.002004
   0.16126  0.84249  0.03447  1.05323  0.003273  0.002145  0.002081
   0.17528  0.82878  0.03738  1.06428  0.003124  0.002054  0.002162
   0.18932  0.81505  0.04031  1.07543  0.002982  0.001967  0.002244
   0.20337  0.80131  0.04324  1.08701  0.002842  0.001881  0.002332
   0.21742  0.78757  0.04616  1.09868  0.002709  0.001798  0.002422
   0.23143  0.77386  0.04908  1.11067  0.002578  0.001717  0.002518
   0.24540  0.76019  0.05198  1.12286  0.002453  0.001638  0.002618
   0.25932  0.74658  0.05485  1.13534  0.002331  0.001562  0.002724
   0.27317  0.73302  0.05768  1.14807  0.002213  0.001488  0.002836
   0.28696  0.71952  0.06048  1.16099  0.002100  0.001416  0.002953
   0.30067  0.70609  0.06322  1.17422  0.001990  0.001347  0.003078
   0.31430  0.69272  0.06591  1.18762  0.001884  0.001280  0.003209
   0.32785  0.67943  0.06854  1.20131  0.001781  0.001214  0.003350
   0.34130  0.66622  0.07109  1.21522  0.001682  0.001152  0.003500
   0.35465  0.65310  0.07357  1.22927  0.001587  0.001091  0.003659
   0.36788  0.64009  0.07595  1.24379  0.001494  0.001032  0.003835
   0.38099  0.62718  0.07823  1.25785  0.001407  0.000976  0.004012
   0.39398  0.61438  0.08039  1.27255  0.001321  0.000922  0.004213
   0.40680  0.60172  0.08243  1.28701  0.001240  0.000870  0.004424
   0.41947  0.58919  0.08432  1.30031  0.001167  0.000823  0.004629
   0.43206  0.57671  0.08605  1.31088  0.001107  0.000784  0.004793
   0.44464  0.56424  0.08764  1.32019  0.001054  0.000748  0.004943
   0.45719  0.55177  0.08909  1.32913  0.001002  0.000713  0.005097
   0.46971  0.53932  0.09040  1.33703  0.000954  0.000681  0.005242
   0.48223  0.52685  0.09158  1.34390  0.000911  0.000650  0.005376
   0.49475  0.51437  0.09261  1.34980  0.000870  0.000622  0.005501
   0.50729  0.50187  0.09350  1.35432  0.000833  0.000596  0.005606
   0.51988  0.48930  0.09425  1.35709  0.000801  0.000573  0.005680
   0.53256  0.47664  0.09488  1.35931  0.000770  0.000550  0.005745
   0.54530  0.46391  0.09539  1.36134  0.000739  0.000528  0.005808
   0.55810  0.45111  0.09579  1.36354  0.000708  0.000505  0.005879
   0.57096  0.43826  0.09608  1.36557  0.000676  0.000482  0.005950
   0.58384  0.42537  0.09626  1.36778  0.000645  0.000458  0.006030
   0.59676  0.41246  0.09634  1.36983  0.000613  0.000435  0.006113
   0.60970  0.39952  0.09632  1.37226  0.000580  0.000411  0.006213
   0.62265  0.38657  0.09619  1.37428  0.000548  0.000388  0.006315
   0.63561  0.37361  0.09596  1.37651  0.000514  0.000364  0.006435
   0.64857  0.36065  0.09562  1.37901  0.000480  0.000340  0.006582
   0.66154  0.34770  0.09519  1.38112  0.000445  0.000315  0.006744
   0.67449  0.33475  0.09466  1.38320  0.000410  0.000290  0.006930
   0.68744  0.32182  0.09402  1.38547  0.000375  0.000265  0.007136
   0.70037  0.30891  0.09328  1.38694  0.000341  0.000240  0.007261
   0.71328  0.29602  0.09244  1.38840  0.000314  0.000215  0.007070
   0.72617  0.28317  0.09149  1.39003  0.000306  0.000193  0.005920
   0.73903  0.27036  0.09044  1.39538  0.000339  0.000175  0.003397
   0.75185  0.25759  0.08928  1.41035  0.000429  0.000161  0.001003
   0.76463  0.24487  0.08801  1.41131  0.000432  0.000158  0.000755
   0.77736  0.23222  0.08663  1.41402  0.000426  0.000154  0.000744
   0.79002  0.21964  0.08514  1.41773  0.000415  0.000149  0.000754
   0.80262  0.20715  0.08353  1.42194  0.000404  0.000145  0.000769
   0.81513  0.19476  0.08181  1.42661  0.000392  0.000140  0.000789
   0.82754  0.18248  0.07996  1.43182  0.000379  0.000136  0.000819
   0.83983  0.17035  0.07800  1.43729  0.000365  0.000131  0.000846
   0.85197  0.15839  0.07592  1.44316  0.000352  0.000126  0.000872
   0.86394  0.14663  0.07371  1.44975  0.000338  0.000120  0.000911
   0.87568  0.13512  0.07139  1.45707  0.000322  0.000115  0.000970
   0.88714  0.12392  0.06895  1.46460  0.000307  0.000109  0.001021
   0.89828  0.11308  0.06642  1.47305  0.000289  0.000104  0.001109
   0.90901  0.10267  0.06379  1.48222  0.000269  0.000098  0.001254
   0.91928  0.09276  0.06107  1.49042  0.000253  0.000092  0.001373
   0.92904  0.08341  0.05830  1.49837  0.000237  0.000087  0.001487
   0.93822  0.07466  0.05549  1.50752  0.000217  0.000081  0.001745
   0.94678  0.06658  0.05267  1.51402  0.000202  0.000076  0.001946
   0.95471  0.05917  0.04987  1.51907  0.000189  0.000072  0.002113
   0.96200  0.05243  0.04710  1.52355  0.000177  0.000067  0.002270
   0.96866  0.04634  0.04441  1.52850  0.000164  0.000063  0.002533
   0.97471  0.04087  0.04180  1.53252  0.000150  0.000059  0.002927
   0.98022  0.03597  0.03928  1.53255  0.000140  0.000055  0.003213
   0.98524  0.03159  0.03683  1.53053  0.000132  0.000052  0.003409
   0.98982  0.02766  0.03448  1.52846  0.000123  0.000049  0.003631
   0.99400  0.02415  0.03222  1.52671  0.000114  0.000045  0.004042
   0.99783  0.02100  0.03003  1.52185  0.000107  0.000043  0.004346
   1.00136  0.01818  0.02792  1.51626  0.000099  0.000040  0.004834
   1.00461  0.01565  0.02586  1.50665  0.000092  0.000037  0.005114
   1.00764  0.01338  0.02387  1.49686  0.000085  0.000035  0.005726
   1.01045  0.01135  0.02192  1.48177  0.000078  0.000032  0.006509
   1.01309  0.00954  0.02000  1.45792  0.000072  0.000030  0.007188
   1.01556  0.00794  0.01812  1.42570  0.000067  0.000029  0.007801
   1.01790  0.00652  0.01626  1.38541  0.000065  0.000028  0.007758
   1.02011  0.00525  0.01445  1.34595  0.000062  0.000026  0.007994
   1.02220  0.00414  0.01267  1.30279  0.000058  0.000025  0.008261
   1.02419  0.00317  0.01093  1.25504  0.000056  0.000024  0.008344
   1.02609  0.00233  0.00923  1.20562  0.000054  0.000023  0.008154
   1.02790  0.00162  0.00757  1.15591  0.000050  0.000022  0.008653
   1.02964  0.00103  0.00593  1.09731  0.000048  0.000021  0.008466
   1.03130  0.00057  0.00434  1.03608  0.000044  0.000019  0.008785
   1.03290  0.00025  0.00277  0.96133  0.000041  0.000018  0.009058
   1.03443  0.00006  0.00125  0.87236  0.000039  0.000017  0.008645
   1.03594  0.00002 -0.00026  0.77070  0.000037  0.000017  0.008378
   1.03743  0.00010 -0.00175  0.66392  0.000037  0.000016  0.006711
   1.03894  0.00035 -0.00324  0.54892  0.000032  0.000014  0.006811
   1.04048  0.00085 -0.00470  0.38822  0.000030  0.000013  0.005063
   1.04208  0.00164 -0.00608  0.20091  0.000030  0.000013  0.002743
   1.04372  0.00270 -0.00733  0.03626  0.000038  0.000017  0.000383
   1.04544  0.00399 -0.00848 -0.09009  0.000038  0.000017  0.000951
   1.04725  0.00543 -0.00957 -0.18886  0.000047  0.000021  0.001539
   1.04916  0.00702 -0.01063 -0.27420  0.000048  0.000022  0.002318
   1.05118  0.00876 -0.01164 -0.34256  0.000056  0.000024  0.002248
   1.05332  0.01066 -0.01263 -0.40253  0.000059  0.000026  0.002718
   1.05562  0.01275 -0.01360 -0.45263  0.000067  0.000029  0.002498
   1.05809  0.01502 -0.01456 -0.49660  0.000071  0.000031  0.002671
   1.06075  0.01750 -0.01552 -0.53543  0.000078  0.000034  0.002541
   1.06364  0.02023 -0.01649 -0.57299  0.000082  0.000036  0.002640
   1.06680  0.02323 -0.01747 -0.60522  0.000090  0.000039  0.002452
   1.07026  0.02655 -0.01846 -0.63507  0.000096  0.000041  0.002429
   1.07409  0.03024 -0.01947 -0.66266  0.000103  0.000044  0.002325
   1.07834  0.03436 -0.02051 -0.68827  0.000111  0.000047  0.002235
   1.08310  0.03901 -0.02158 -0.71084  0.000120  0.000051  0.002087
   1.08846  0.04425 -0.02268 -0.73309  0.000128  0.000054  0.002030
   1.09452  0.05019 -0.02383 -0.75379  0.000138  0.000058  0.001912
   1.10136  0.05694 -0.02501 -0.77357  0.000148  0.000062  0.001824
   1.10909  0.06457 -0.02622 -0.79135  0.000160  0.000067  0.001700
   1.11775  0.07314 -0.02745 -0.80804  0.000172  0.000072  0.001610
   1.12734  0.08265 -0.02868 -0.82304  0.000185  0.000077  0.001506
   1.13781  0.09305 -0.02989 -0.83642  0.000199  0.000083  0.001413
   1.14905  0.10423 -0.03107 -0.84885  0.000212  0.000088  0.001344
   1.16090  0.11602 -0.03221 -0.86078  0.000224  0.000093  0.001294
   1.17321  0.12828 -0.03329 -0.87093  0.000238  0.000098  0.001220
   1.18586  0.14089 -0.03430 -0.88040  0.000250  0.000103  0.001173
   1.19877  0.15377 -0.03524 -0.88856  0.000264  0.000109  0.001116
   1.21188  0.16685 -0.03610 -0.89586  0.000276  0.000114  0.001069
   1.22514  0.18008 -0.03691 -0.90272  0.000287  0.000118  0.001035
   1.23851  0.19344 -0.03766 -0.90892  0.000299  0.000123  0.000999
   1.25198  0.20689 -0.03836 -0.91473  0.000310  0.000127  0.000970
   1.26553  0.22042 -0.03900 -0.92010  0.000321  0.000132  0.000941
   1.27913  0.23401 -0.03961 -0.92560  0.000329  0.000136  0.000927
   1.29277  0.24764 -0.04017 -0.93066  0.000339  0.000140  0.000906
   1.30644  0.26130 -0.04069 -0.93571  0.000347  0.000143  0.000892
   1.32013  0.27498 -0.04117 -0.94075  0.000355  0.000147  0.000882
   1.33383  0.28867 -0.04162 -0.94573  0.000362  0.000150  0.000872
   1.34753  0.30236 -0.04202 -0.95065  0.000369  0.000153  0.000864
   1.36121  0.31605 -0.04239 -0.95569  0.000375  0.000156  0.000860
   1.37488  0.32971 -0.04271 -0.96056  0.000382  0.000159  0.000853
   1.38853  0.34336 -0.04300 -0.96540  0.000388  0.000162  0.000848
   1.40215  0.35698 -0.04323 -0.97041  0.000392  0.000164  0.000847
   1.41574  0.37056 -0.04342 -0.97511  0.000398  0.000167  0.000840
   1.42929  0.38411 -0.04356 -0.98006  0.000403  0.000169  0.000841
   1.44278  0.39761 -0.04364 -0.98497  0.000407  0.000171  0.000840
   1.45623  0.41105 -0.04367 -0.98950  0.000412  0.000173  0.000832
   1.46960  0.42443 -0.04363 -0.99452  0.000415  0.000175  0.000837
   1.48290  0.43773 -0.04353 -0.99903  0.000420  0.000177  0.000831
   1.49611  0.45094 -0.04335 -1.00373  0.000424  0.000179  0.000831
   1.50922  0.46404 -0.04309 -1.00828  0.000428  0.000181  0.000829
   1.52220  0.47702 -0.04274 -1.01268  0.000432  0.000183  0.000826
   1.53503  0.48984 -0.04230 -1.01708  0.000435  0.000184  0.000825
   1.54772  0.50251 -0.04173 -1.01962  0.000446  0.000187  0.000790
   1.56033  0.51511 -0.04102 -1.02013  0.000465  0.000191  0.000727
   1.57293  0.52767 -0.04017 -1.01899  0.000488  0.000196  0.000650
   1.58554  0.54024 -0.03918 -1.01559  0.000523  0.000203  0.000548
   1.59822  0.55288 -0.03803 -1.01018  0.000572  0.000211  0.000427
   1.61107  0.56566 -0.03673 -1.00310  0.000641  0.000221  0.000290
   1.62412  0.57863 -0.03532 -0.99618  0.000724  0.000230  0.000172
   1.63730  0.59173 -0.03381 -0.99007  0.000820  0.000239  0.000076
   1.65061  0.60493 -0.03220 -0.98499  0.000939  0.000246  0.000002
   1.66407  0.61829 -0.03050 -0.98096  0.001073  0.000252 -0.000043
   1.67771  0.63182 -0.02873 -0.97742  0.001180  0.000257 -0.000057
   1.69151  0.64549 -0.02691 -0.97403  0.001192  0.000263 -0.000054
   1.70539  0.65925 -0.02507 -0.94922  0.000951  0.000306  0.000151
   1.71933  0.67306 -0.02321 -0.92412  0.000665  0.000350  0.001457
   1.73324  0.68685 -0.02137 -0.91848  0.000586  0.000374  0.002470
   1.74710  0.70060 -0.01955 -0.91376  0.000586  0.000404  0.002901
   1.76091  0.71428 -0.01777 -0.90886  0.000615  0.000436  0.003011
   1.77464  0.72791 -0.01603 -0.90328  0.000658  0.000470  0.002978
   1.78831  0.74147 -0.01433 -0.89780  0.000705  0.000505  0.002900
   1.80192  0.75498 -0.01269 -0.89230  0.000755  0.000540  0.002807
   1.81545  0.76842 -0.01111 -0.88712  0.000805  0.000575  0.002716
   1.82893  0.78181 -0.00959 -0.88205  0.000856  0.000610  0.002630
   1.84234  0.79514 -0.00814 -0.87705  0.000906  0.000644  0.002549
   1.85568  0.80841 -0.00677 -0.87255  0.000955  0.000678  0.002481
   1.86895  0.82162 -0.00547 -0.86803  0.001004  0.000711  0.002416
   1.88216  0.83477 -0.00426 -0.86382  0.001052  0.000745  0.002360
   1.89529  0.84785 -0.00314 -0.85996  0.001098  0.000777  0.002311
   1.90833  0.86086 -0.00212 -0.85638  0.001143  0.000808  0.002269
   1.92127  0.87377 -0.00120 -0.85293  0.001188  0.000840  0.002229
   1.93410  0.88657 -0.00039 -0.85009  0.001228  0.000869  0.002199
   1.94679  0.89924  0.00031 -0.84742  0.001268  0.000898  0.002172
   1.95930  0.91174  0.00088 -0.84536  0.001303  0.000924  0.002153
   1.97158  0.92401  0.00132 -0.84368  0.001336  0.000949  0.002139
   1.98354  0.93597  0.00162 -0.84269  0.001364  0.000971  0.002132
   1.99510  0.94753  0.00178 -0.84250  0.001386  0.000989  0.002135
   2.00613  0.95855  0.00180 -0.84374  0.001396  0.001001  0.002155
   2.01650  0.96892  0.00168 -0.84553  0.001402  0.001009  0.002180
   2.02609  0.97851  0.00142 -0.84863  0.001398  0.001011  0.002220
   2.03484  0.98725  0.00104 -0.85226  0.001390  0.001010  0.002264
   2.04276  0.99515  0.00050 -0.85761  0.001369  0.001001  0.002329
   2.04763  1.00000  0.00000 -0.86691  0.001317  0.000974  0.002449
   2.04763  1.00010 -0.00001  0.86691  0.010541  0.005564  0.000000
   2.05250  1.00492 -0.00071  0.87917  0.009436  0.005271  0.000000
   2.05804  1.01042 -0.00139  0.88595  0.008868  0.005121  0.000000
   2.06436  1.01669 -0.00211  0.89236  0.008373  0.004986  0.000000
   2.07155  1.02385 -0.00285  0.89855  0.007931  0.004862  0.000000
   2.07975  1.03200 -0.00363  0.90462  0.007526  0.004745  0.000000
   2.08908  1.04130 -0.00445  0.91062  0.007151  0.004635  0.000000
   2.09972  1.05190 -0.00532  0.91651  0.006803  0.004530  0.000000
   2.11183  1.06398 -0.00622  0.92229  0.006480  0.004432  0.000000
   2.12563  1.07775 -0.00717  0.92793  0.006180  0.004340  0.000000
   2.14135  1.09344 -0.00815  0.93340  0.005902  0.004254  0.000000
   2.15926  1.11132 -0.00916  0.93869  0.005643  0.004174  0.000000
   2.17966  1.13170 -0.01019  0.94379  0.005404  0.004099  0.000000
   2.20290  1.15491 -0.01124  0.94868  0.005184  0.004030  0.000000
   2.22938  1.18137 -0.01229  0.95336  0.004981  0.003966  0.000000
   2.25953  1.21151 -0.01332  0.95780  0.004795  0.003906  0.000000
   2.29389  1.24585 -0.01430  0.96201  0.004627  0.003852  0.000000
   2.33303  1.28497 -0.01522  0.96597  0.004474  0.003801  0.000000
   2.37761  1.32955 -0.01603  0.96968  0.004338  0.003756  0.000000
   2.42840  1.38033 -0.01669  0.97314  0.004217  0.003714  0.000000
   2.48625  1.43819 -0.01715  0.97633  0.004110  0.003676  0.000000
   2.55216  1.50409 -0.01735  0.97927  0.004016  0.003642  0.000000
   2.62724  1.57917 -0.01721  0.98194  0.003935  0.003611  0.000000
   2.71277  1.66470 -0.01666  0.98436  0.003866  0.003584  0.000000
   2.81020  1.76212 -0.01558  0.98653  0.003806  0.003560  0.000000
   2.92118  1.87310 -0.01386  0.98846  0.003755  0.003538  0.000000
   3.04762  1.99951 -0.01137  0.99030  0.003710  0.003518  0.000000
