#    s        x        y     Ue/Vinf    Dstar     Theta      Cf
   0.00000  1.00000  0.00000  0.84357  0.003985  0.002394  0.001142
   0.00467  0.99536  0.00060  0.85182  0.003785  0.002307  0.001223
   0.01246  0.98770  0.00194  0.87183  0.003348  0.002115  0.001440
   0.02140  0.97891  0.00363  0.89459  0.002937  0.001921  0.001697
   0.03150  0.96899  0.00554  0.91497  0.002630  0.001764  0.001929
   0.04262  0.95806  0.00755  0.92763  0.002461  0.001669  0.002062
   0.05462  0.94625  0.00967  0.93550  0.002362  0.001606  0.002129
   0.06719  0.93388  0.01190  0.94286  0.002273  0.001548  0.002187
   0.08006  0.92123  0.01424  0.95025  0.002186  0.001491  0.002245
   0.09310  0.90841  0.01666  0.95781  0.002101  0.001435  0.002306
   0.10624  0.89551  0.01917  0.96569  0.002016  0.001378  0.002371
   0.11946  0.88255  0.02175  0.97383  0.001932  0.001322  0.002440
   0.13273  0.86954  0.02439  0.98239  0.001846  0.001266  0.002516
   0.14606  0.85649  0.02710  0.99112  0.001763  0.001210  0.002596
   0.15944  0.84340  0.02987  1.00028  0.001679  0.001155  0.002683
   0.17288  0.83026  0.03269  1.00982  0.001595  0.001100  0.002779
   0.18638  0.81707  0.03556  1.01965  0.001513  0.001045  0.002882
   0.19993  0.80384  0.03848  1.02986  0.001431  0.000992  0.002993
   0.21354  0.79055  0.04143  1.04035  0.001351  0.000938  0.003114
   0.22721  0.77722  0.04442  1.05128  0.001271  0.000886  0.003246
   0.24092  0.76383  0.04744  1.06256  0.001193  0.000834  0.003390
   0.25468  0.75042  0.05047  1.07417  0.001116  0.000783  0.003546
   0.26844  0.73700  0.05351  1.08603  0.001041  0.000733  0.003714
   0.28216  0.72362  0.05653  1.09821  0.000968  0.000684  0.003895
   0.29581  0.71029  0.05952  1.11063  0.000897  0.000637  0.004086
   0.30939  0.69704  0.06248  1.12315  0.000830  0.000590  0.004277
   0.32288  0.68387  0.06539  1.13580  0.000768  0.000546  0.004456
   0.33627  0.67078  0.06824  1.14822  0.000712  0.000503  0.004583
   0.34956  0.65778  0.07102  1.16065  0.000665  0.000462  0.004591
   0.36273  0.64490  0.07371  1.17236  0.000639  0.000425  0.004298
   0.37578  0.63211  0.07632  1.18326  0.000657  0.000394  0.003378
   0.38868  0.61945  0.07883  1.19970  0.000772  0.000363  0.001618
   0.40139  0.60697  0.08121  1.25541  0.001098  0.000287  0.000001
   0.41392  0.59464  0.08344  1.26293  0.001119  0.000277 -0.000036
   0.42634  0.58240  0.08551  1.26689  0.001039  0.000272  0.000003
   0.43867  0.57022  0.08745  1.27180  0.000928  0.000266  0.000093
   0.45090  0.55812  0.08922  1.27813  0.000824  0.000259  0.000226
   0.46306  0.54606  0.09084  1.28503  0.000745  0.000251  0.000366
   0.47519  0.53402  0.09230  1.29168  0.000684  0.000243  0.000502
   0.48730  0.52198  0.09360  1.29745  0.000637  0.000236  0.000626
   0.49940  0.50994  0.09475  1.30206  0.000601  0.000229  0.000736
   0.51152  0.49786  0.09573  1.30472  0.000578  0.000224  0.000809
   0.52371  0.48569  0.09657  1.30573  0.000564  0.000221  0.000849
   0.53602  0.47341  0.09727  1.30558  0.000556  0.000218  0.000862
   0.54842  0.46102  0.09784  1.30542  0.000548  0.000215  0.000877
   0.56089  0.44856  0.09829  1.30531  0.000539  0.000212  0.000895
   0.57342  0.43603  0.09863  1.30501  0.000531  0.000208  0.000909
   0.58600  0.42345  0.09886  1.30468  0.000522  0.000205  0.000924
   0.59862  0.41084  0.09897  1.30428  0.000514  0.000202  0.000939
   0.61126  0.39820  0.09897  1.30396  0.000505  0.000199  0.000958
   0.62392  0.38553  0.09887  1.30340  0.000497  0.000196  0.000971
   0.63660  0.37286  0.09866  1.30299  0.000489  0.000192  0.000990
   0.64928  0.36018  0.09834  1.30243  0.000480  0.000189  0.001006
   0.66197  0.34750  0.09792  1.30198  0.000471  0.000185  0.001028
   0.67466  0.33482  0.09739  1.30136  0.000462  0.000182  0.001046
   0.68734  0.32215  0.09676  1.30082  0.000453  0.000178  0.001070
   0.70002  0.30950  0.09602  1.30003  0.000444  0.000175  0.001087
   0.71267  0.29687  0.09517  1.29953  0.000434  0.000171  0.001117
   0.72531  0.28427  0.09422  1.29866  0.000425  0.000167  0.001137
   0.73793  0.27170  0.09316  1.29800  0.000414  0.000163  0.001167
   0.75051  0.25917  0.09199  1.29722  0.000404  0.000159  0.001197
   0.76306  0.24669  0.09071  1.29629  0.000394  0.000155  0.001226
   0.77557  0.23426  0.08932  1.29541  0.000383  0.000151  0.001261
   0.78802  0.22189  0.08781  1.29435  0.000373  0.000147  0.001294
   0.80042  0.20961  0.08619  1.29341  0.000361  0.000143  0.001338
   0.81274  0.19741  0.08444  1.29221  0.000350  0.000138  0.001379
   0.82498  0.18531  0.08258  1.29099  0.000339  0.000134  0.001425
   0.83712  0.17333  0.08060  1.28967  0.000327  0.000129  0.001477
   0.84914  0.16150  0.07849  1.28823  0.000314  0.000124  0.001535
   0.86101  0.14984  0.07626  1.28660  0.000302  0.000119  0.001593
   0.87270  0.13839  0.07390  1.28505  0.000289  0.000114  0.001673
   0.88417  0.12719  0.07142  1.28303  0.000276  0.000109  0.001747
   0.89537  0.11629  0.06883  1.28111  0.000261  0.000103  0.001856
   0.90625  0.10576  0.06613  1.27863  0.000246  0.000098  0.001990
   0.91673  0.09566  0.06333  1.27509  0.000231  0.000093  0.002138
   0.92678  0.08603  0.06044  1.27020  0.000218  0.000087  0.002282
   0.93632  0.07696  0.05749  1.26451  0.000203  0.000082  0.002483
   0.94530  0.06849  0.05450  1.25679  0.000188  0.000077  0.002722
   0.95367  0.06067  0.05150  1.24604  0.000176  0.000072  0.002922
   0.96142  0.05352  0.04853  1.23337  0.000165  0.000068  0.003068
   0.96853  0.04704  0.04561  1.22050  0.000153  0.000063  0.003318
   0.97499  0.04123  0.04278  1.20525  0.000142  0.000059  0.003639
   0.98086  0.03604  0.04004  1.18597  0.000132  0.000055  0.003930
   0.98618  0.03142  0.03739  1.16338  0.000124  0.000052  0.004092
   0.99101  0.02731  0.03486  1.14021  0.000116  0.000049  0.004306
   0.99539  0.02366  0.03243  1.11542  0.000109  0.000046  0.004525
   0.99938  0.02042  0.03010  1.08845  0.000100  0.000043  0.004901
   1.00303  0.01755  0.02786  1.05640  0.000094  0.000040  0.005052
   1.00638  0.01499  0.02569  1.02300  0.000088  0.000038  0.005241
   1.00947  0.01272  0.02360  0.98646  0.000081  0.000035  0.005589
   1.01232  0.01071  0.02157  0.94349  0.000076  0.000033  0.005773
   1.01498  0.00893  0.01959  0.89416  0.000070  0.000031  0.006129
   1.01747  0.00737  0.01766  0.83535  0.000067  0.000029  0.006034
   1.01981  0.00600  0.01577  0.77284  0.000064  0.000028  0.005937
   1.02201  0.00479  0.01393  0.70699  0.000062  0.000027  0.005584
   1.02409  0.00374  0.01214  0.63981  0.000058  0.000026  0.005382
   1.02605  0.00283  0.01039  0.56748  0.000055  0.000024  0.005029
   1.02792  0.00205  0.00870  0.48786  0.000052  0.000023  0.004706
   1.02969  0.00139  0.00705  0.40665  0.000051  0.000022  0.003787
   1.03139  0.00086  0.00544  0.31856  0.000046  0.000021  0.003581
   1.03301  0.00045  0.00387  0.21854  0.000046  0.000021  0.002301
   1.03455  0.00017  0.00235  0.11598  0.000041  0.000018  0.001447
   1.03603  0.00002  0.00088 -0.00412  0.000041  0.000018  0.000051
   1.03749  0.00001 -0.00058 -0.12730  0.000039  0.000018  0.001643
   1.03895  0.00012 -0.00203 -0.26378  0.000037  0.000017  0.003624
   1.04043  0.00038 -0.00349 -0.42771  0.000034  0.000015  0.006438
   1.04194  0.00086 -0.00492 -0.61214  0.000033  0.000015  0.009431
   1.04349  0.00164 -0.00626 -0.75059  0.000039  0.000017  0.009009
   1.04510  0.00268 -0.00750 -0.83767  0.000045  0.000019  0.008554
   1.04679  0.00393 -0.00863 -0.88174  0.000056  0.000023  0.006497
   1.04857  0.00537 -0.00968 -0.90343  0.000067  0.000027  0.005522
   1.05046  0.00695 -0.01071 -0.93248  0.000070  0.000030  0.005940
   1.05247  0.00869 -0.01170 -0.96009  0.000076  0.000032  0.005530
   1.05461  0.01061 -0.01267 -0.97704  0.000086  0.000035  0.004701
   1.05692  0.01272 -0.01362 -0.98792  0.000096  0.000039  0.004148
   1.05942  0.01503 -0.01456 -0.99694  0.000104  0.000042  0.003817
   1.06214  0.01758 -0.01551 -1.00626  0.000112  0.000045  0.003632
   1.06512  0.02040 -0.01646 -1.01557  0.000120  0.000049  0.003447
   1.06840  0.02354 -0.01743 -1.02248  0.000130  0.000052  0.003129
   1.07204  0.02704 -0.01842 -1.02809  0.000140  0.000056  0.002875
   1.07611  0.03099 -0.01942 -1.03265  0.000151  0.000060  0.002646
   1.08070  0.03545 -0.02046 -1.03547  0.000164  0.000065  0.002390
   1.08590  0.04054 -0.02153 -1.03783  0.000177  0.000070  0.002204
   1.09182  0.04636 -0.02264 -1.04000  0.000190  0.000075  0.002048
   1.09857  0.05301 -0.02378 -1.04115  0.000206  0.000081  0.001868
   1.10624  0.06060 -0.02494 -1.04187  0.000222  0.000087  0.001719
   1.11489  0.06916 -0.02612 -1.04229  0.000238  0.000093  0.001589
   1.12451  0.07871 -0.02729 -1.04189  0.000257  0.000100  0.001452
   1.13501  0.08915 -0.02843 -1.04088  0.000277  0.000107  0.001330
   1.14628  0.10036 -0.02953 -1.03990  0.000296  0.000114  0.001240
   1.15815  0.11218 -0.03058 -1.03926  0.000313  0.000121  0.001175
   1.17043  0.12443 -0.03156 -1.03974  0.000328  0.000128  0.001148
   1.18301  0.13698 -0.03248 -1.03946  0.000345  0.000134  0.001080
   1.19582  0.14976 -0.03332 -1.03933  0.000362  0.000141  0.001031
   1.20880  0.16271 -0.03410 -1.03909  0.000378  0.000147  0.000985
   1.22191  0.17581 -0.03482 -1.03869  0.000394  0.000153  0.000940
   1.23513  0.18901 -0.03548 -1.03865  0.000408  0.000159  0.000912
   1.24844  0.20230 -0.03609 -1.03858  0.000422  0.000164  0.000882
   1.26181  0.21566 -0.03666 -1.03868  0.000436  0.000170  0.000860
   1.27524  0.22908 -0.03720 -1.03902  0.000447  0.000175  0.000843
   1.28871  0.24254 -0.03769 -1.03937  0.000459  0.000180  0.000825
   1.30221  0.25603 -0.03815 -1.04005  0.000470  0.000184  0.000815
   1.31573  0.26955 -0.03858 -1.04109  0.000478  0.000188  0.000811
   1.32927  0.28308 -0.03898 -1.04208  0.000488  0.000193  0.000802
   1.34280  0.29661 -0.03935 -1.04352  0.000495  0.000196  0.000802
   1.35634  0.31014 -0.03969 -1.04496  0.000503  0.000200  0.000797
   1.36986  0.32366 -0.03999 -1.04659  0.000510  0.000204  0.000795
   1.38337  0.33717 -0.04026 -1.04838  0.000516  0.000207  0.000795
   1.39686  0.35065 -0.04050 -1.05034  0.000522  0.000210  0.000795
   1.41032  0.36412 -0.04069 -1.05233  0.000528  0.000213  0.000794
   1.42376  0.37755 -0.04085 -1.05452  0.000533  0.000216  0.000795
   1.43716  0.39095 -0.04097 -1.05664  0.000538  0.000219  0.000793
   1.45052  0.40431 -0.04104 -1.05896  0.000543  0.000221  0.000795
   1.46383  0.41763 -0.04106 -1.06126  0.000548  0.000224  0.000794
   1.47709  0.43088 -0.04103 -1.06365  0.000553  0.000226  0.000795
   1.49029  0.44408 -0.04094 -1.06598  0.000557  0.000229  0.000793
   1.50340  0.45719 -0.04079 -1.06838  0.000562  0.000231  0.000792
   1.51643  0.47022 -0.04057 -1.07063  0.000567  0.000233  0.000789
   1.52934  0.48312 -0.04027 -1.07299  0.000571  0.000235  0.000788
   1.54212  0.49590 -0.03987 -1.07449  0.000580  0.000238  0.000770
   1.55482  0.50858 -0.03937 -1.07445  0.000598  0.000242  0.000724
   1.56748  0.52123 -0.03876 -1.07282  0.000624  0.000248  0.000655
   1.58014  0.53387 -0.03802 -1.06971  0.000660  0.000255  0.000569
   1.59284  0.54654 -0.03717 -1.06525  0.000707  0.000262  0.000469
   1.60564  0.55931 -0.03619 -1.05927  0.000775  0.000272  0.000347
   1.61859  0.57221 -0.03511 -1.05314  0.000858  0.000282  0.000232
   1.63168  0.58525 -0.03394 -1.04756  0.000950  0.000290  0.000135
   1.64486  0.59837 -0.03270 -1.04281  0.001049  0.000298  0.000062
   1.65815  0.61159 -0.03139 -1.03880  0.001151  0.000305  0.000009
   1.67156  0.62494 -0.03002 -1.03536  0.001228  0.000311 -0.000016
   1.68510  0.63840 -0.02859 -1.03223  0.001230  0.000317 -0.000008
   1.69873  0.65195 -0.02714 -1.00916  0.001018  0.000358  0.000330
   1.71244  0.66558 -0.02566 -0.98715  0.000777  0.000401  0.001558
   1.72620  0.67927 -0.02417 -0.98018  0.000690  0.000426  0.002606
   1.73998  0.69296 -0.02268 -0.97529  0.000678  0.000455  0.003147
   1.75372  0.70662 -0.02120 -0.97034  0.000699  0.000487  0.003349
   1.76743  0.72025 -0.01974 -0.96502  0.000736  0.000521  0.003378
   1.78109  0.73384 -0.01829 -0.95977  0.000780  0.000555  0.003335
   1.79472  0.74739 -0.01688 -0.95436  0.000829  0.000591  0.003257
   1.80829  0.76090 -0.01549 -0.94914  0.000879  0.000626  0.003169
   1.82183  0.77436 -0.01414 -0.94375  0.000931  0.000662  0.003076
   1.83532  0.78779 -0.01283 -0.93882  0.000982  0.000698  0.002993
   1.84878  0.80119 -0.01156 -0.93388  0.001034  0.000733  0.002911
   1.86219  0.81454 -0.01034 -0.92902  0.001086  0.000769  0.002835
   1.87556  0.82786 -0.00916 -0.92446  0.001137  0.000804  0.002767
   1.88889  0.84115 -0.00804 -0.91990  0.001188  0.000839  0.002702
   1.90218  0.85439 -0.00697 -0.91564  0.001239  0.000874  0.002645
   1.91542  0.86759 -0.00596 -0.91144  0.001289  0.000908  0.002591
   1.92860  0.88074 -0.00502 -0.90748  0.001338  0.000943  0.002543
   1.94172  0.89383 -0.00415 -0.90356  0.001387  0.000977  0.002497
   1.95476  0.90684 -0.00335 -0.90010  0.001434  0.001010  0.002459
   1.96768  0.91975 -0.00262 -0.89660  0.001481  0.001043  0.002421
   1.98043  0.93248 -0.00198 -0.89349  0.001525  0.001075  0.002389
   1.99291  0.94495 -0.00142 -0.89052  0.001569  0.001106  0.002360
   2.00494  0.95697 -0.00095 -0.88783  0.001609  0.001135  0.002334
   2.01625  0.96827 -0.00053 -0.88285  0.001669  0.001174  0.002275
   2.02648  0.97849 -0.00018 -0.87310  0.001772  0.001235  0.002152
   2.03547  0.98748  0.00006 -0.86038  0.001908  0.001311  0.001993
   2.04330  0.99531  0.00013 -0.84790  0.002053  0.001390  0.001842
   2.04799  1.00000  0.00000 -0.84357  0.002107  0.001421  0.001797
   2.04799  1.00010 -0.00001  0.84357  0.006093  0.003815  0.000000
   2.05268  1.00477 -0.00036  0.86614  0.005258  0.003474  0.000000
   2.05802  1.01010 -0.00073  0.87823  0.004865  0.003310  0.000000
   2.06412  1.01619 -0.00114  0.88855  0.004558  0.003179  0.000000
   2.07109  1.02314 -0.00159  0.89757  0.004306  0.003071  0.000000
   2.07904  1.03108 -0.00207  0.90569  0.004090  0.002979  0.000000
   2.08812  1.04014 -0.00261  0.91313  0.003901  0.002898  0.000000
   2.09848  1.05048 -0.00319  0.92001  0.003731  0.002826  0.000000
   2.11030  1.06229 -0.00383  0.92645  0.003578  0.002762  0.000000
   2.12381  1.07578 -0.00453  0.93250  0.003438  0.002703  0.000000
   2.13922  1.09117 -0.00530  0.93821  0.003309  0.002650  0.000000
   2.15681  1.10874 -0.00613  0.94361  0.003190  0.002601  0.000000
   2.17689  1.12880 -0.00703  0.94873  0.003080  0.002556  0.000000
   2.19981  1.15170 -0.00801  0.95358  0.002979  0.002515  0.000000
   2.22597  1.17784 -0.00907  0.95816  0.002886  0.002477  0.000000
   2.25584  1.20769 -0.01022  0.96247  0.002801  0.002442  0.000000
   2.28993  1.24176 -0.01144  0.96652  0.002725  0.002410  0.000000
   2.32885  1.28065 -0.01275  0.97029  0.002656  0.002381  0.000000
   2.37328  1.32506 -0.01415  0.97380  0.002595  0.002355  0.000000
   2.42399  1.37574 -0.01563  0.97703  0.002540  0.002331  0.000000
   2.48187  1.43361 -0.01719  0.97999  0.002493  0.002309  0.000000
   2.54795  1.49966 -0.01882  0.98268  0.002451  0.002290  0.000000
   2.62337  1.57507 -0.02053  0.98510  0.002415  0.002272  0.000000
   2.70947  1.66115 -0.02229  0.98727  0.002384  0.002257  0.000000
   2.80775  1.75941 -0.02410  0.98919  0.002357  0.002244  0.000000
   2.91993  1.87158 -0.02594  0.99087  0.002334  0.002232  0.000000
   3.04800  1.99963 -0.02779  0.99240  0.002314  0.002222  0.000000
